75
101
200
9
36
201
246
151
108
178
122
148
158
3
33
50
144
40
180
51
73
69
172
212
216
97
192
169
11
222
162
234
228
120
137
140
116
84
173
214
187
104
87
17
175
78
150
145
95
179
5
149
85
68
262
263
82
195
133
6
224
83
227
76
213
30
204
49
45
143
91
106
21
159
63
232
1
71
128
130
264
259
123
38
256
139
194
79
188
89
46
102
171
185
229
35
202
64
239
220
208
42
221
44
233
16
215
250
207
22
29
251
15
54
231
119
182
168
226
88
111
181
48
249
4
59
26
240
238
138
261
72
70
8
113
177
66
93
105
236
186
152
242
52
118
230
107
90
223
209
218
124
23
65
217
165
25
127
57
34
241
92
131
183
166
136
19
129
210
67
154
160
86
258
260
126
37
115
184
199
74
28
94
225
237
142
161
157
47
191
13
62
125
147
244
170
167
61
190
114
248
265
193
203
99
243
12
146
134
56
253
153
164
132
257
39
80
219
14
24
117
60
58
255
211
176
121
96
198
247
20
77
53
109
245
2
43
32
252
196
55
27
41
7
98
135
206
10
100
141
163
235
81
31
112
205
18
174
254
189
197
156
155