141
113
95
83
54
34
201
138
129
16
196
64
59
156
124
117
173
139
5
51
92
109
40
66
226
228
73
21
86
245
221
259
198
145
176
61
68
13
238
178
12
260
105
37
189
204
87
158
263
160
33
214
99
199
236
262
239
191
261
265
175
185
237
163
209
116
218
170
231
256
84
193
45
135
82
104
42
130
96
77
115
194
9
100
258
207
249
19
2
248
232
230
162
166
242
20
94
63
205
78
24
32
153
131
72
67
76
165
23
44
29
132
69
108
120
216
211
213
181
60
58
192
151
112
102
210
53
25
22
106
154
30
38
136
243
174
119
114
4
10
126
48
250
62
47
134
161
197
202
127
97
167
3
233
91
85
49
235
121
177
190
140
36
184
229
39
107
255
147
146
219
8
137
28
50
18
144
168
223
123
57
111
128
164
244
90
15
89
172
180
149
208
171
183
217
125
80
155
253
234
17
215
71
65
212
159
26
143
93
70
122
225
241
55
206
179
224
195
98
6
264
52
75
133
187
152
252
46
41
257
169
101
182
11
251
74
35
222
7
88
227
200
240
118
43
246
148
220
14
56
79
188
247
186
31
81
203
150
27
142
1
254
157